1471846	1
1471847	2
1471848	3
1471849	4
1471850	5
1471851	6
1471852	7
1471853	8
1471854	9
1471855	10
1471856	11
1471857	12
1471858	13
1471859	14
1471860	15
1471861	16
1471862	17
1471863	18
1471864	19
1471865	20
1471866	21
1471867	22
1471868	23
1471869	24
1471870	25
1471871	26
1471872	27
1471873	28
1471874	29
1471875	30
1471876	31
1471877	32
1471878	33
1471879	34
1471880	35
1471881	36
1471882	37
1471883	38
1471884	39
1471885	40
1471886	41
1471887	42
1471888	43
1471889	44
1471890	45
1471891	46
1471892	47
1471893	48
1471894	49
1471895	50
1471896	51
1471897	52
1471898	53
1471899	54
1471900	55
1471901	56
1471902	57
1471903	58
1471904	59
1471905	60
1471906	61
1471907	62
1471908	63
1471909	64
1471910	65
1471911	66
1471912	67
1471913	68
1471914	69
1471915	70
1471916	71
1471917	72
1471918	73
1471919	74
1471920	75
1471921	76
1471922	77
1471923	78
1471924	79
1471925	80
1471926	81
1471927	82
1471928	83
1471929	84
1471930	85
1471931	86
1471932	87
1471933	88
1471934	89
1471935	90
1471936	91
1471937	92
1471938	93
1471939	94
1471940	95
1471941	96
1471942	97
1471943	98
1471944	99
1471945	100
1471946	101
1471947	102
1471948	103
1471949	104
1471950	105
1471951	106
1471952	107
1471953	108
1471954	109
1471955	110
1471956	111
1471957	112
1471958	113
1471959	114
1471960	115
1471961	116
1471962	117
1471963	118
1471964	119
1471965	120
1471966	121
1471967	122
1471968	123
1471969	124
1471970	125
1471971	126
1471972	127
1471973	128
1471974	129
1471975	130
1471976	131
1471977	132
1471978	133
1471979	134
1471980	135
1471981	136
1471982	137
1471983	138
1471984	139
1471985	140
1471986	141
1471987	142
1471988	143
1471989	144
1471990	145
1471991	146
1471992	147
1471993	148
1471994	149
1471995	150
1471996	151
1471997	152
1471998	153
1471999	154
1472000	155
1472001	156
1472002	157
1472003	158
1472004	159
1472005	160
1472006	161
1472007	162
1472008	163
1472009	164
1472010	165
1472011	166
1472012	167
1472013	168
1472014	169
1472015	170
1472016	171
1472017	172
1472018	173
1472019	174
1472020	175
1472021	176
1472022	177
1472023	178
1472024	179
1472025	180
1472026	181
1472027	182
1472028	183
1472029	184
1472030	185
1472031	186
1472032	187
1472033	188
1472034	189
1472035	190
1472036	191
1472037	192
1472038	193
1472039	194
1472040	195
1472041	196
1472042	197
1472043	198
1472044	199
1472045	200
1472046	201
1472047	202
1472048	203
1472049	204
1472050	205
1472051	206
1472052	207
1472053	208
1472054	209
1472055	210
1472056	211
1472057	212
1472058	213
1472059	214
1472060	215
1472061	216
1472062	217
1472063	218
1472064	219
1472065	220
1472066	221
1472067	222
1472068	223
1472069	224
1472070	225
1472071	226
1472072	227
1472073	228
1472074	229
1472075	230
1472076	231
1472077	232
1472078	233
1472079	234
1472080	235
1472081	236
1472082	237
1472083	238
1472084	239
1472085	240
1472086	241
1472087	242
1472088	243
1472089	244
1472090	245
1472091	246
1472092	247
1472093	248
1472094	249
1472095	250
1472096	251
1472097	252
1472098	253
1472099	254
1472100	255
1472101	256
1472102	257
1472103	258
1472104	259
1472105	260
1472106	261
1472107	262
1472108	263
1472109	264
1472110	265
1472111	266
1472112	267
1472113	268
1472114	269
1472115	270
1472116	271
1472117	272
1472118	273
1472119	274
1472120	275
1472121	276
1472122	277
1472123	278
1472124	279
1472125	280
1472126	281
1472127	282
1472128	283
1472129	284
1472130	285
1472131	286
1472132	287
1472133	288
1472134	289
1472135	290
1472136	291
1472137	292
1472138	293
1472139	294
1472140	295
1472141	296
1472142	297
1472143	298
1472144	299
1472145	300
1472146	301
1472147	302
1472148	303
1472149	304
1472150	305
1472151	306
1472152	307
1472153	308
1472154	309
1472155	310
1472156	311
1472157	312
1472158	313
1472159	314
1472160	315
1472161	316
1472162	317
1472163	318
1472164	319
1472165	320
1472166	321
1472167	322
1472168	323
1472169	324
1472170	325
1472171	326
1472172	327
1472173	328
1472174	329
1472175	330
1472176	331
1472177	332
1472178	333
1472179	334
1472180	335
1472181	336
1472182	337
1472183	338
1472184	339
1472185	340
1472186	341
1472187	342
1472188	343
1472189	344
1472190	345
1472191	346
1472192	347
1472193	348
1472194	349
1472195	350
1472196	351
1472197	352
1472198	353
1472199	354
1472200	355
1472201	356
1472202	357
1472203	358
1472204	359
1472205	360
1472206	361
1472207	362
1472208	363
1472209	364
1472210	365
1472211	366
1472212	367
1472213	368
1472214	369
1472215	370
1472216	371
1472217	372
1472218	373
1472219	374
1472220	375
1472221	376
1472222	377
1472223	378
1472224	379
1472225	380
1472226	381
1472227	382
1472228	383
1472229	384
1472230	385
1472231	386
1472232	387
1472233	388
1472234	389
1472235	390
1472236	391
1472237	392
1472238	393
1472239	394
1472240	395
1472241	396
1472242	397
1472243	398
1472244	399
1472245	400
1472246	401
1472247	402
1472248	403
1472249	404
1472250	405
1472251	406
1472252	407
1472253	408
1472254	409
1472255	410
1472256	411
1472257	412
1472258	413
1472259	414
1472260	415
1472261	416
1472262	417
1472263	418
1472264	419
1472265	420
1472266	421
1472267	422
1472268	423
1472269	424
1472270	425
1472271	426
1472272	427
1472273	428
1472274	429
1472275	430
1472276	431
1472277	432
1472278	433
1472279	434
1472280	435
1472281	436
1472282	437
1472283	438
1472284	439
1472285	440
1472286	441
1472287	442
1472288	443
1472289	444
1472290	445
1472291	446
1472292	447
1472293	448
1472294	449
1472295	450
1472296	451
1472297	452
1472298	453
1472299	454
1472300	455
1472301	456
1472302	457
1472303	458
1472304	459
1472305	460
1472306	461
1472307	462
1472308	463
1472309	464
1472310	465
1472311	466
1472312	467
1472313	468
1472314	469
1472315	470
1472316	471
1472317	472
1472318	473
1472319	474
1472320	475
1472321	476
1472322	477
1472323	478
1472324	479
1472325	480
1472326	481
1472327	482
1472328	483
1472329	484
1472330	485
1472331	486
1472332	487
1472333	488
1472334	489
1472335	490
1472336	491
1472337	492
1472338	493
1472339	494
1472340	495
1472341	496
1472342	497
1472343	498
1472344	499
1472345	500
1472346	501
1472347	502
1472348	503
1472349	504
1472350	505
1472351	506
1472352	507
1472353	508
1472354	509
1472355	510
1472356	511
1472357	512
1472358	513
1472359	514
1472360	515
1472361	516
1472362	517
1472363	518
1472364	519
1472365	520
1472366	521
1472367	522
1472368	523
1472369	524
1472370	525
1472371	526
1472372	527
1472373	528
1472374	529
1472375	530
1472376	531
1472377	532
1472378	533
1472379	534
1472380	535
1472381	536
1472382	537
1472383	538
1472384	539
1472385	540
1472386	541
1472387	542
1472388	543
1472389	544
1472390	545
1472391	546
1472392	547
1472393	548
1472394	549
1472395	550
1472396	551
1472397	552
1472398	553
1472399	554
1472400	555
1472401	556
1472402	557
1472403	558
1472404	559
1472405	560
1472406	561
1472407	562
1472408	563
1472409	564
1472410	565
1472411	566
1472412	567
1472413	568
1472414	569
1472415	570
1472416	571
1472417	572
1472418	573
1472419	574
1472420	575
1472421	576
1472422	577
1472423	578
1472424	579
1472425	580
1472426	581
1472427	582
1472428	583
1472429	584
1472430	585
1472431	586
1472432	587
1472433	588
1472434	589
1472435	590
1472436	591
1472437	592
1472438	593
1472439	594
1472440	595
1472441	596
1472442	597
1472443	598
1472444	599
1472445	600
1472446	601
1472447	602
1472448	603
1472449	604
1472450	605
1472451	606
1472452	607
1472453	608
1472454	609
1472455	610
1472456	611
1472457	612
1472458	613
1472459	614
1472460	615
1472461	616
1472462	617
1472463	618
1472464	619
1472465	620
1472466	621
1472467	622
1472468	623
1472469	624
1472470	625
1472471	626
1472472	627
1472473	628
1472474	629
1472475	630
1472476	631
1472477	632
1472478	633
1472479	634
1472480	635
1472481	636
1472482	637
1472483	638
1472484	639
1472485	640
1472486	641
1472487	642
1472488	643
1472489	644
1472490	645
1472491	646
1472492	647
1472493	648
1472494	649
1472495	650
1472496	651
1472497	652
1472498	653
1472499	654
1472500	655
1472501	656
1472502	657
1472503	658
1472504	659
1472505	660
1472506	661
1472507	662
1472508	663
1472509	664
1472510	665
1472511	666
1472512	667
1472513	668
1472514	669
1472515	670
1472516	671
1472517	672
1472518	673
1472519	674
1472520	675
1472521	676
1472522	677
1472523	678
1472524	679
1472525	680
1472526	681
1472527	682
1472528	683
1472529	684
1472530	685
1472531	686
1472532	687
1472533	688
1472534	689
1472535	690
1472536	691
1472537	692
1472538	693
1472539	694
1472540	695
1472541	696
1472542	697
1472543	698
1472544	699
1472545	700
1472546	701
1472547	702
1472548	703
1472549	704
1472550	705
1472551	706
1472552	707
1472553	708
1472554	709
1472555	710
1472556	711
1472557	712
1472558	713
1472559	714
1472560	715
1472561	716
1472562	717
1472563	718
1472564	719
1472565	720
1472566	721
1472567	722
1472568	723
1472569	724
1472570	725
1472571	726
1472572	727
1472573	728
1472574	729
1472575	730
1472576	731
1472577	732
1472578	733
1472579	734
1472580	735
1472581	736
1472582	737
1472583	738
1472584	739
1472585	740
1472586	741
1472587	742
1472588	743
1472589	744
1472590	745
1472591	746
1472592	747
1472593	748
1472594	749
1472595	750
1472596	751
1472597	752
1472598	753
1472599	754
1472600	755
1472601	756
1472602	757
1472603	758
1472604	759
1472605	760
1472606	761
1472607	762
1472608	763
1472609	764
1472610	765
1472611	766
1472612	767
1472613	768
1472614	769
1472615	770
1472616	771
1472617	772
1472618	773
1472619	774
1472620	775
1472621	776
1472622	777
1472623	778
1472624	779
1472625	780
1472626	781
1472627	782
1472628	783
1472629	784
1472630	785
1472631	786
1472632	787
1472633	788
1472634	789
1472635	790
1472636	791
1472637	792
1472638	793
1472639	794
1472640	795
1472641	796
1472642	797
1472643	798
1472644	799
1472645	800
1472646	801
1472647	802
1472648	803
1472649	804
1472650	805
1472651	806
1472652	807
1472653	808
1472654	809
1472655	810
1472656	811
1472657	812
1472658	813
1472659	814
1472660	815
1472661	816
1472662	817
1472663	818
1472664	819
1472665	820
1472666	821
1472667	822
1472668	823
1472669	824
1472670	825
1472671	826
1472672	827
1472673	828
1472674	829
1472675	830
1472676	831
1472677	832
1472678	833
1472679	834
1472680	835
1472681	836
1472682	837
1472683	838
1472684	839
1472685	840
1472686	841
1472687	842
1472688	843
1472689	844
1472690	845
1472691	846
1472692	847
1472693	848
1472694	849
1472695	850
1472696	851
1472697	852
1472698	853
1472699	854
1472700	855
1472701	856
1472702	857
1472703	858
1472704	859
1472705	860
1472706	861
1472707	862
1472708	863
1472709	864
1472710	865
1472711	866
1472712	867
1472713	868
1472714	869
1472715	870
1472716	871
1472717	872
1472718	873
1472719	874
1472720	875
1472721	876
1472722	877
1472723	878
1472724	879
1472725	880
1472726	881
1472727	882
1472728	883
1472729	884
1472730	885
1472731	886
1472732	887
1472733	888
1472734	889
1472735	890
1472736	891
1472737	892
1472738	893
1472739	894
1472740	895
1472741	896
1472742	897
1472743	898
1472744	899
1472745	900
1472746	901
1472747	902
1472748	903
1472749	904
1472750	905
1472751	906
1472752	907
1472753	908
1472754	909
1472755	910
1472756	911
1472757	912
1472758	913
1472759	914
1472760	915
1472761	916
1472762	917
1472763	918
1472764	919
1472765	920
1472766	921
1472767	922
1472768	923
1472769	924
1472770	925
1472771	926
1472772	927
1472773	928
1472774	929
1472775	930
1472776	931
1472777	932
1472778	933
1472779	934
1472780	935
1472781	936
1472782	937
1472783	938
1472784	939
1472785	940
1472786	941
1472787	942
1472788	943
1472789	944
1472790	945
1472791	946
1472792	947
1472793	948
1472794	949
1472795	950
1472796	951
1472797	952
1472798	953
1472799	954
1472800	955
1472801	956
1472802	957
1472803	958
1472804	959
1472805	960
1472806	961
1472807	962
1472808	963
1472809	964
1472810	965
1472811	966
1472812	967
1472813	968
1472814	969
1472815	970
1472816	971
1472817	972
1472818	973
1472819	974
1472820	975
1472821	976
1472822	977
1472823	978
1472824	979
1472825	980
1472826	981
1472827	982
1472828	983
1472829	984
1472830	985
1472831	986
1472832	987
1472833	988
1472834	989
1472835	990
1472836	991
1472837	992
1472838	993
1472839	994
1472840	995
1472841	996
1472842	997
1472843	998
1472844	999
1472845	1000
1472846	1001
1472847	1002
1472848	1003
1472849	1004
1472850	1005
1472851	1006
1472852	1007
1472853	1008
1472854	1009
1472855	1010
1472856	1011
1472857	1012
1472858	1013
1472859	1014
1472860	1015
1472861	1016
1472862	1017
1472863	1018
1472864	1019
1472865	1020
1472866	1021
1472867	1022
1472868	1023
1472869	1024
1472870	1025
1472871	1026
1472872	1027
1472873	1028
1472874	1029
1472875	1030
1472876	1031
1472877	1032
1472878	1033
1472879	1034
1472880	1035
1472881	1036
1472882	1037
1472883	1038
1472884	1039
1472885	1040
1472886	1041
1472887	1042
1472888	1043
1472889	1044
1472890	1045
1472891	1046
1472892	1047
1472893	1048
1472894	1049
1472895	1050
1472896	1051
1472897	1052
1472898	1053
1472899	1054
1472900	1055
1472901	1056
1472902	1057
1472903	1058
1472904	1059
1472905	1060
1472906	1061
1472907	1062
1472908	1063
1472909	1064
1472910	1065
1472911	1066
1472912	1067
1472913	1068
1472914	1069
1472915	1070
1472916	1071
1472917	1072
1472918	1073
1472919	1074
1472920	1075
1472921	1076
1472922	1077
1472923	1078
1472924	1079
1472925	1080
1472926	1081
1472927	1082
1472928	1083
1472929	1084
1472930	1085
1472931	1086
1472932	1087
1472933	1088
1472934	1089
1472935	1090
1472936	1091
1472937	1092
1472938	1093
1472939	1094
1472940	1095
1472941	1096
1472942	1097
1472943	1098
1472944	1099
1472945	1100
1472946	1101
1472947	1102
1472948	1103
1472949	1104
1472950	1105
1472951	1106
1472952	1107
1472953	1108
1472954	1109
1472955	1110
1472956	1111
1472957	1112
1472958	1113
1472959	1114
1472960	1115
1472961	1116
1472962	1117
1472963	1118
1472964	1119
1472965	1120
1472966	1121
1472967	1122
1472968	1123
1472969	1124
1472970	1125
1472971	1126
1472972	1127
1472973	1128
1472974	1129
1472975	1130
1472976	1131
1472977	1132
1472978	1133
1472979	1134
1472980	1135
1472981	1136
1472982	1137
1472983	1138
1472984	1139
1472985	1140
1472986	1141
1472987	1142
1472988	1143
1472989	1144
1472990	1145
1472991	1146
1472992	1147
1472993	1148
1472994	1149
1472995	1150
1472996	1151
1472997	1152
1472998	1153
1472999	1154
1473000	1155
1473001	1156
1473002	1157
1473003	1158
1473004	1159
1473005	1160
1473006	1161
1473007	1162
1473008	1163
1473009	1164
1473010	1165
1473011	1166
1473012	1167
1473013	1168
1473014	1169
1473015	1170
1473016	1171
1473017	1172
1473018	1173
1473019	1174
1473020	1175
1473021	1176
1473022	1177
1473023	1178
1473024	1179
1473025	1180
1473026	1181
1473027	1182
1473028	1183
1473029	1184
1473030	1185
1473031	1186
1473032	1187
1473033	1188
1473034	1189
1473035	1190
1473036	1191
1473037	1192
1473038	1193
1473039	1194
1473040	1195
1473041	1196
1473042	1197
1473043	1198
1473044	1199
1473045	1200
1473046	1201
1473047	1202
1473048	1203
1473049	1204
1473050	1205
1473051	1206
1473052	1207
1473053	1208
1473054	1209
1473055	1210
1473056	1211
1473057	1212
1473058	1213
1473059	1214
1473060	1215
1473061	1216
1473062	1217
1473063	1218
1473064	1219
1473065	1220
1473066	1221
1473067	1222
1473068	1223
1473069	1224
1473070	1225
1473071	1226
1473072	1227
1473073	1228
1473074	1229
1473075	1230
1473076	1231
1473077	1232
1473078	1233
1473079	1234
1473080	1235
1473081	1236
1473082	1237
1473083	1238
1473084	1239
1473085	1240
1473086	1241
1473087	1242
1473088	1243
1473089	1244
1473090	1245
1473091	1246
1473092	1247
1473093	1248
1473094	1249
1473095	1250
1473096	1251
1473097	1252
1473098	1253
1473099	1254
1473100	1255
1473101	1256
1473102	1257
1473103	1258
1473104	1259
1473105	1260
1473106	1261
1473107	1262
1473108	1263
1473109	1264
1473110	1265
1473111	1266
1473112	1267
1473113	1268
1473114	1269
1473115	1270
1473116	1271
1473117	1272
1473118	1273
1473119	1274
1473120	1275
1473121	1276
1473122	1277
1473123	1278
1473124	1279
1473125	1280
1473126	1281
1473127	1282
1473128	1283
1473129	1284
1473130	1285
1473131	1286
1473132	1287
1473133	1288
1473134	1289
1473135	1290
1473136	1291
1473137	1292
1473138	1293
1473139	1294
1473140	1295
1473141	1296
1473142	1297
1473143	1298
1473144	1299
1473145	1300
1473146	1301
1473147	1302
1473148	1303
1473149	1304
1473150	1305
1473151	1306
1473152	1307
1473153	1308
1473154	1309
1473155	1310
1473156	1311
1473157	1312
1473158	1313
1473159	1314
1473160	1315
1473161	1316
1473162	1317
1473163	1318
1473164	1319
1473165	1320
1473166	1321
1473167	1322
1473168	1323
1473169	1324
1473170	1325
1473171	1326
1473172	1327
1473173	1328
1473174	1329
1473175	1330
1473176	1331
1473177	1332
1473178	1333
1473179	1334
1473180	1335
1473181	1336
1473182	1337
1473183	1338
1473184	1339
1473185	1340
1473186	1341
1473187	1342
1473188	1343
1473189	1344
1473190	1345
1473191	1346
1473192	1347
1473193	1348
1473194	1349
1473195	1350
1473196	1351
1473197	1352
1473198	1353
1473199	1354
1473200	1355
1473201	1356
1473202	1357
1473203	1358
1473204	1359
1473205	1360
1473206	1361
1473207	1362
1473208	1363
1473209	1364
1473210	1365
1473211	1366
1473212	1367
1473213	1368
1473214	1369
1473215	1370
1473216	1371
1473217	1372
1473218	1373
1473219	1374
1473220	1375
1473221	1376
1473222	1377
1473223	1378
1473224	1379
1473225	1380
1473226	1381
1473227	1382
1473228	1383
1473229	1384
1473230	1385
1473231	1386
1473232	1387
1473233	1388
1473234	1389
1473235	1390
1473236	1391
1473237	1392
1473238	1393
1473239	1394
1473240	1395
1473241	1396
1473242	1397
1473243	1398
1473244	1399
1473245	1400
1473246	1401
1473247	1402
1473248	1403
1473249	1404
1473250	1405
1473251	1406
1473252	1407
1473253	1408
1473254	1409
1473255	1410
1473256	1411
1473257	1412
1473258	1413
1473259	1414
1473260	1415
1473261	1416
1473262	1417
1473263	1418
1473264	1419
1473265	1420
1473266	1421
1473267	1422
1473268	1423
1473269	1424
1473270	1425
1473271	1426
1473272	1427
1473273	1428
1473274	1429
1473275	1430
1473276	1431
1473277	1432
1473278	1433
1473279	1434
1473280	1435
1473281	1436
1473282	1437
1473283	1438
1473284	1439
1473285	1440
1473286	1441
1473287	1442
1473288	1443
1473289	1444
1473290	1445
1473291	1446
1473292	1447
1473293	1448
1473294	1449
1473295	1450
1473296	1451
1473297	1452
1473298	1453
1473299	1454
1473300	1455
1473301	1456
1473302	1457
1473303	1458
1473304	1459
1473305	1460
1473306	1461
1473307	1462
1473308	1463
1473309	1464
1473310	1465
1473311	1466
1473312	1467
1473313	1468
1473314	1469
1473315	1470
1473316	1471
1473317	1472
1473318	1473
1473319	1474
1473320	1475
1473321	1476
1473322	1477
1473323	1478
1473324	1479
1473325	1480
1473326	1481
1473327	1482
1473328	1483
1473329	1484
1473330	1485
1473331	1486
1473332	1487
1473333	1488
1473334	1489
1473335	1490
1473336	1491
1473337	1492
1473338	1493
1473339	1494
1473340	1495
1473341	1496
1473342	1497
1473343	1498
1473344	1499
1473345	1500
1473346	1501
1473347	1502
1473348	1503
1473349	1504
1473350	1505
1473351	1506
1473352	1507
1473353	1508
1473354	1509
1473355	1510
1473356	1511
1473357	1512
1473358	1513
1473359	1514
1473360	1515
1473361	1516
1473362	1517
1473363	1518
1473364	1519
1473365	1520
1473366	1521
1473367	1522
1473368	1523
1473369	1524
1473370	1525
1473371	1526
1473372	1527
1473373	1528
1473374	1529
1473375	1530
1473376	1531
1473377	1532
1473378	1533
1473379	1534
1473380	1535
1473381	1536
1473382	1537
1473658	1
1473659	2
1473660	3
1473661	4
1473662	5
1473663	6
1473664	7
1473665	8
1473666	9
1473667	10
1473668	11
1473669	12
1473670	13
1473671	14
1473672	15
1473673	16
1473674	17
1473675	18
1473676	19
1473677	20
1473678	21
1473679	22
1473680	23
1473681	24
1473682	25
1473683	26
1473684	27
1473685	28
1473686	29
1473687	30
1473688	31
1473689	32
1473690	33
1473691	34
1473692	35
1473693	36
1473694	37
1473695	38
1473696	39
1473697	40
1473698	41
1473699	42
1473700	43
1473701	44
1473702	45
1473703	46
1473704	47
1473705	48
1473706	49
1473707	50
1473708	51
1473709	52
1473710	53
1473711	54
1473712	55
1473713	56
1473714	57
1473715	58
1473716	59
1473717	60
1473718	61
1473719	62
1473720	63
1473721	64
1473722	65
1473723	66
1473724	67
1473725	68
1473726	69
1473727	70
1473728	71
1473729	72
1473730	73
1473731	74
1473732	75
1473733	76
1473734	77
1473735	78
1473736	79
1473737	80
1473738	81
1473739	82
1473740	83
1473741	84
1473742	85
1473743	86
1473744	87
1473745	88
1473746	89
1473747	90
1473748	91
1473749	92
1473750	93
1473751	94
1473752	95
1473753	96
1473754	97
1473755	98
1473756	99
1473757	100
1473758	101
1473759	102
1473760	103
1473761	104
1473762	105
1473763	106
1473764	107
1473765	108
1473766	109
1473767	110
1473768	111
1473769	112
1473770	113
1473771	114
1473772	115
1473773	116
1473774	117
1473775	118
1473776	119
1473777	120
1473778	121
1473779	122
1473780	123
1473781	124
1473782	125
1473783	126
1473784	127
1473785	128
1473786	129
1473787	130
1473788	131
1473789	132
1473790	133
1473791	134
1473792	135
1473793	136
1473794	137
1473795	138
1473796	139
1473797	140
1473798	141
1473799	142
1473800	143
1473801	144
1473802	145
1473803	146
1473804	147
1473805	148
1473806	149
1473807	150
1473808	151
1473809	152
1473810	153
1473811	154
1473812	155
1473813	156
1473814	157
1473815	158
1473816	159
1473817	160
1473818	161
1473819	162
1473820	163
1473821	164
1473822	165
1473823	166
1473824	167
1473825	168
1473826	169
1473827	170
1473828	171
1473829	172
1473830	173
1473831	174
1473832	175
1473833	176
1473834	177
1473835	178
1473836	179
1473837	180
1473838	181
1473839	182
1473840	183
1473841	184
1473842	185
1473843	186
1473844	187
1473845	188
1473846	189
1473847	190
1473848	191
1473849	192
1473850	193
1473851	194
1473852	195
1473853	196
1473854	197
1473855	198
1473856	199
1473857	200
1473858	201
1473859	202
1473860	203
1473861	204
1473862	205
1473863	206
1473864	207
1473865	208
1473866	209
1473867	210
1473868	211
1473869	212
1473870	213
1473871	214
1473872	215
1473873	216
1473874	217
1473875	218
1473876	219
1473877	220
1473878	221
1473879	222
1473880	223
1473881	224
1473882	225
1473883	226
1473884	227
1473885	228
1473886	229
1473887	230
1473888	231
1473889	232
1473890	233
1473891	234
1473892	235
1473893	236
1473894	237
1473895	238
1473896	239
1473897	240
1473898	241
1473899	242
1473900	243
1473901	244
1473902	245
1473903	246
1473904	247
1473905	248
1473906	249
1473907	250
1473908	251
1473909	252
1473910	253
1473911	254
1473912	255
1473913	256
1473914	257
1473915	258
1473916	259
1473917	260
1473918	261
1473919	262
1473920	263
1473921	264
1473922	265
1473923	266
1473924	267
1473925	268
1473926	269
1473927	270
1473928	271
1473929	272
1473930	273
1473931	274
1473932	275
1473933	276
1473934	277
1473935	278
1473936	279
1473937	280
1473938	281
1473939	282
1473940	283
1473941	284
1473942	285
1473943	286
1473944	287
1473945	288
1473946	289
1473947	290
1473948	291
1473949	292
1473950	293
1473951	294
1473952	295
1473953	296
1473954	297
1473955	298
1473956	299
1473957	300
1473958	301
1473959	302
1473960	303
1473961	304
1473962	305
1473963	306
1473964	307
1473965	308
1473966	309
1473967	310
1473968	311
1473969	312
1473970	313
1473971	314
1473972	315
1473973	316
1473974	317
1473975	318
1473976	319
1473977	320
1473978	321
1473979	322
1473980	323
1473981	324
1473982	325
1473983	326
1473984	327
1473985	328
1473986	329
1473987	330
1473988	331
1473989	332
1473990	333
1473991	334
1473992	335
1473993	336
1473994	337
1473995	338
1473996	339
1473997	340
1473998	341
1473999	342
1474000	343
1474001	344
1474002	345
1474003	346
1474004	347
1474005	348
1474006	349
1474007	350
1474008	351
1474009	352
1474010	353
1474011	354
1474012	355
1474013	356
1474014	357
1474015	358
1474016	359
1474017	360
1474018	361
1474019	362
1474020	363
1474021	364
1474022	365
1474023	366
1474024	367
1474025	368
1474026	369
1474027	370
1474028	371
1474029	372
1474030	373
1474031	374
1474032	375
1474033	376
1474034	377
1474035	378
1474036	379
1474037	380
1474038	381
1474039	382
1474040	383
1474041	384
1474042	385
1474043	386
1474044	387
1474045	388
1474046	389
1474047	390
1474048	391
1474049	392
1474050	393
1474051	394
1474052	395
1474053	396
1474054	397
1474055	398
1474056	399
1474057	400
1474058	401
1474059	402
1474060	403
1474061	404
1474062	405
1474063	406
1474064	407
1474065	408
1474066	409
1474067	410
1474068	411
1474069	412
1474070	413
1474071	414
1474072	415
1474073	416
1474074	417
1474075	418
1474076	419
1474077	420
1474078	421
1474079	422
1474080	423
1474081	424
1474082	425
1474083	426
1474084	427
1474085	428
1474086	429
1474087	430
1474088	431
1474089	432
1474090	433
1474091	434
1474092	435
1474093	436
1474094	437
1474095	438
1474096	439
1474097	440
1474098	441
1474099	442
1474100	443
1474101	444
1474102	445
1474103	446
1474104	447
1474105	448
1474106	449
1474107	450
1474108	451
1474109	452
1474110	453
1474111	454
1474112	455
1474113	456
1474114	457
1474115	458
1474116	459
1474117	460
1474118	461
1474119	462
1474120	463
1474121	464
1474122	465
1474123	466
1474124	467
1474125	468
1474126	469
1474127	470
1474128	471
1474129	472
1474130	473
1474131	474
1474132	475
1474133	476
1474134	477
1474135	478
1474136	479
1474137	480
1474138	481
1474139	482
1474140	483
1474141	484
1474142	485
1474143	486
1474144	487
1474145	488
1474146	489
1474147	490
1474148	491
1474149	492
1474150	493
1474151	494
1474152	495
1474153	496
1474154	497
1474155	498
1474156	499
1474157	500
1474158	501
1474159	502
1474160	503
1474161	504
1474162	505
1474163	506
1474164	507
1474165	508
1474166	509
1474167	510
1474168	511
1474169	512
1474170	513
1474171	514
1474172	515
1474173	516
1474174	517
1474175	518
1474176	519
1474177	520
1474178	521
1474179	522
1474180	523
1474181	524
1474182	525
1474183	526
1474184	527
1474185	528
1474186	529
1474187	530
1474188	531
1474189	532
1474190	533
1474191	534
1474192	535
1474193	536
1474194	537
1474195	538
1474196	539
1474197	540
1474198	541
1474199	542
1474200	543
1474201	544
1474202	545
1474203	546
1474204	547
1474205	548
1474206	549
1474207	550
1474208	551
1474209	552
1474210	553
1474211	554
1474212	555
1474213	556
1474214	557
1474215	558
1474216	559
1474217	560
1474218	561
1474219	562
1474220	563
1474221	564
1474222	565
1474223	566
1474224	567
1474225	568
1474226	569
1474227	570
1474228	571
1474229	572
1474230	573
1474231	574
1474232	575
1474233	576
1474234	577
1474235	578
1474236	579
1474237	580
1474238	581
1474239	582
1474240	583
1474241	584
1474242	585
1474243	586
1474244	587
1474245	588
1474246	589
1474247	590
1474248	591
1474249	592
1474250	593
1474251	594
1474252	595
1474253	596
1474254	597
1474255	598
1474256	599
1474257	600
1474258	601
1474259	602
1474260	603
1474261	604
1474262	605
1474263	606
1474264	607
1474265	608
1474266	609
1474267	610
1474268	611
1474269	612
1474270	613
1474271	614
1474272	615
1474273	616
1474274	617
1474275	618
1474276	619
1474277	620
1474278	621
1474279	622
1474280	623
1474281	624
1474282	625
1474283	626
1474284	627
1474285	628
1474286	629
1474287	630
1474288	631
1474289	632
1474290	633
1474291	634
1474292	635
1474293	636
1474294	637
1474295	638
1474296	639
1474297	640
1474298	641
1474299	642
1474300	643
1474301	644
1474302	645
1474303	646
1474304	647
1474305	648
1474306	649
1474307	650
1474308	651
1474309	652
1474310	653
1474311	654
1474312	655
1474313	656
1474314	657
1474315	658
1474316	659
1474317	660
1474318	661
1474319	662
1474320	663
1474321	664
1474322	665
1474323	666
1474324	667
1474325	668
1474326	669
1474327	670
1474328	671
1474329	672
1474330	673
1474331	674
1474332	675
1474333	676
1474334	677
1474335	678
1474336	679
1474337	680
1474338	681
1474339	682
1474340	683
1474341	684
1474342	685
1474343	686
1474344	687
1474345	688
1474346	689
1474347	690
1474348	691
1474349	692
1474350	693
1474351	694
1474352	695
1474353	696
1474354	697
1474355	698
1474356	699
1474357	700
1474358	701
1474359	702
1474360	703
1474361	704
1474362	705
1474363	706
1474364	707
1474365	708
1474366	709
1474367	710
1474368	711
1474369	712
1474370	713
1474371	714
1474372	715
1474373	716
1474374	717
1474375	718
1474376	719
1474377	720
1474378	721
1474379	722
1474380	723
1474381	724
1474382	725
1474383	726
1474384	727
1474385	728
1474386	729
1474387	730
1474388	731
1474389	732
1474390	733
1474391	734
1474392	735
1474393	736
1474394	737
1474395	738
1474396	739
1474397	740
1474398	741
1474399	742
1474400	743
1474401	744
1474402	745
1474403	746
1474404	747
1474405	748
1474406	749
1474407	750
1474408	751
1474409	752
1474410	753
1474411	754
1474412	755
1474413	756
1474414	757
1474415	758
1474416	759
1474417	760
1474418	761
1474419	762
1474420	763
1474421	764
1474422	765
1474423	766
1474424	767
1474425	768
1474426	769
1474427	770
1474428	771
1474429	772
1474430	773
1474431	774
1474432	775
1474433	776
1474434	777
1474435	778
1474436	779
1474437	780
1474438	781
1474439	782
1474440	783
1474441	784
1474442	785
1474443	786
1474444	787
1474445	788
1474446	789
1474447	790
1474448	791
1474449	792
1474450	793
1474451	794
1474452	795
1474453	796
1474454	797
1474455	798
1474456	799
1474457	800
1474458	801
1474459	802
1474460	803
1474461	804
1474462	805
1474463	806
1474464	807
1474465	808
1474466	809
1474467	810
1474468	811
1474469	812
1474470	813
1474471	814
1474472	815
1474473	816
1474474	817
1474475	818
1474476	819
1474477	820
1474478	821
1474479	822
1474480	823
1474481	824
1474482	825
1474483	826
1474484	827
1474485	828
1474486	829
1474487	830
1474488	831
1474489	832
1474490	833
1474491	834
1474492	835
1474493	836
1474494	837
1474495	838
1474496	839
1474497	840
1474498	841
1474499	842
1474500	843
1474501	844
1474502	845
1474503	846
1474504	847
1474505	848
1474506	849
1474507	850
1474508	851
1474509	852
1474510	853
1474511	854
1474512	855
1474513	856
1474514	857
1474515	858
1474516	859
1474517	860
1474518	861
1474519	862
1474520	863
1474521	864
1474522	865
1474523	866
1474524	867
1474525	868
1474526	869
1474527	870
1474528	871
1474529	872
1474530	873
1474531	874
1474532	875
1474533	876
1474534	877
1474535	878
1474536	879
1474537	880
1474538	881
1474539	882
1474540	883
1474541	884
1474542	885
1474543	886
1474544	887
1474545	888
1474546	889
1474547	890
1474548	891
1474549	892
1474550	893
1474551	894
1474552	895
1474553	896
1474554	897
1474555	898
1474556	899
1474557	900
1474558	901
1474559	902
1474560	903
1474561	904
1474562	905
1474563	906
1474564	907
1474565	908
1474566	909
1474567	910
1474568	911
1474569	912
1474570	913
1474571	914
1474572	915
1474573	916
1474574	917
1474575	918
1474576	919
1474577	920
1474578	921
1474579	922
1474580	923
1474581	924
1474582	925
1474583	926
1474584	927
1474585	928
1474586	929
1474587	930
1474588	931
1474589	932
1474590	933
1474591	934
1474592	935
1474593	936
1474594	937
1474595	938
1474596	939
1474597	940
1474598	941
1474599	942
1474600	943
1474601	944
1474602	945
1474603	946
1474604	947
1474605	948
1474606	949
1474607	950
1474608	951
1474609	952
1474610	953
1474611	954
1474612	955
1474613	956
1474614	957
1474615	958
1474616	959
1474617	960
1474618	961
1474619	962
1474620	963
1474621	964
1474622	965
1474623	966
1474624	967
1474625	968
1474626	969
1474627	970
1474628	971
1474629	972
1474630	973
1474631	974
1474632	975
1474633	976
1474634	977
1474635	978
1474636	979
1474637	980
1474638	981
1474639	982
1474640	983
1474641	984
1474642	985
1474643	986
1474644	987
1474645	988
1474646	989
1474647	990
1474648	991
1474649	992
1474650	993
1474651	994
1474652	995
1474653	996
1474654	997
1474655	998
1474656	999
1474657	1000
1474658	1001
1474659	1002
1474660	1003
1474661	1004
1474662	1005
1474663	1006
1474664	1007
1474665	1008
1474666	1009
1474667	1010
1474668	1011
1474669	1012
1474670	1013
1474671	1014
1474672	1015
1474673	1016
1474674	1017
1474675	1018
1474676	1019
1474677	1020
1474678	1021
1474679	1022
1474680	1023
1474681	1024
1474682	1025
1474683	1026
1474684	1027
1474685	1028
1474686	1029
1474687	1030
1474688	1031
1474689	1032
1474690	1033
1474691	1034
1474692	1035
1474693	1036
1474694	1037
1474695	1038
1474696	1039
1474697	1040
1474698	1041
1474699	1042
1474700	1043
1474701	1044
1474702	1045
1474703	1046
1474704	1047
1474705	1048
1474706	1049
1474707	1050
1474708	1051
1474709	1052
1474710	1053
1474711	1054
1474712	1055
1474713	1056
1474714	1057
1474715	1058
1474716	1059
1474717	1060
1474718	1061
1474719	1062
1474720	1063
1474721	1064
1474722	1065
1474723	1066
1474724	1067
1474725	1068
1474726	1069
1474727	1070
1474728	1071
1474729	1072
1474730	1073
1474731	1074
1474732	1075
1474733	1076
1474734	1077
1474735	1078
1474736	1079
1474737	1080
1474738	1081
1474739	1082
1474740	1083
1474741	1084
1474742	1085
1474743	1086
1474744	1087
1474745	1088
1474746	1089
1474747	1090
1474748	1091
1474749	1092
1474750	1093
1474751	1094
1474752	1095
1474753	1096
1474754	1097
1474755	1098
1474756	1099
1474757	1100
1474758	1101
1474759	1102
1474760	1103
1474761	1104
1474762	1105
1474763	1106
1474764	1107
1474765	1108
1474766	1109
1474767	1110
1474768	1111
1474769	1112
1474770	1113
1474771	1114
1474772	1115
1474773	1116
1474774	1117
1474775	1118
1474776	1119
1474777	1120
1474778	1121
1474779	1122
1474780	1123
1474781	1124
1474782	1125
1474783	1126
1474784	1127
1474785	1128
1474786	1129
1474787	1130
1474788	1131
1474789	1132
1474790	1133
1474791	1134
1474792	1135
1474793	1136
1474794	1137
1474795	1138
1474796	1139
1474797	1140
1474798	1141
1474799	1142
1474800	1143
1474801	1144
1474802	1145
1474803	1146
1474804	1147
1474805	1148
1474806	1149
1474807	1150
1474808	1151
1474809	1152
1474810	1153
1474811	1154
1474812	1155
1474813	1156
1474814	1157
1474815	1158
1474816	1159
1474817	1160
1474818	1161
1474819	1162
1474820	1163
1474821	1164
1474822	1165
1474823	1166
1474824	1167
1474825	1168
1474826	1169
1474827	1170
1474828	1171
1474829	1172
1474830	1173
1474831	1174
1474832	1175
1474833	1176
1474834	1177
1474835	1178
1474836	1179
1474837	1180
1474838	1181
1474839	1182
1474840	1183
1474841	1184
1474842	1185
1474843	1186
1474844	1187
1474845	1188
1474846	1189
1474847	1190
1474848	1191
1474849	1192
1474850	1193
1474851	1194
1474852	1195
1474853	1196
1474854	1197
1474855	1198
1474856	1199
1474857	1200
1474858	1201
1474859	1202
1474860	1203
1474861	1204
1474862	1205
1474863	1206
1474864	1207
1474865	1208
1474866	1209
1474867	1210
1474868	1211
1474869	1212
1474870	1213
1474871	1214
1474872	1215
1474873	1216
1474874	1217
1474875	1218
1474876	1219
1474877	1220
1474878	1221
1474879	1222
1474880	1223
1474881	1224
1474882	1225
1474883	1226
1474884	1227
1474885	1228
1474886	1229
1474887	1230
1474888	1231
1474889	1232
1474890	1233
1474891	1234
1474892	1235
1474893	1236
1474894	1237
1474895	1238
1474896	1239
1474897	1240
1474898	1241
1474899	1242
1474900	1243
1474901	1244
1474902	1245
1474903	1246
1474904	1247
1474905	1248
1474906	1249
1474907	1250
1474908	1251
1474909	1252
1474910	1253
1474911	1254
1474912	1255
1474913	1256
1474914	1257
1474915	1258
1474916	1259
1474917	1260
1474918	1261
1474919	1262
1474920	1263
1474921	1264
1474922	1265
1474923	1266
1474924	1267
1474925	1268
1474926	1269
1474927	1270
1474928	1271
1474929	1272
1474930	1273
1474931	1274
1474932	1275
1474933	1276
1474934	1277
1474935	1278
1474936	1279
1474937	1280
1474938	1281
1474939	1282
1474940	1283
1474941	1284
1474942	1285
1474943	1286
1474944	1287
1474945	1288
1474946	1289
1474947	1290
1474948	1291
1474949	1292
1474950	1293
1474951	1294
1474952	1295
1474953	1296
1474954	1297
1474955	1298
1474956	1299
1474957	1300
1474958	1301
1474959	1302
1474960	1303
1474961	1304
1474962	1305
1474963	1306
1474964	1307
1474965	1308
1474966	1309
1474967	1310
1474968	1311
1474969	1312
1474970	1313
1474971	1314
1474972	1315
1474973	1316
1474974	1317
1474975	1318
1474976	1319
1474977	1320
1474978	1321
1474979	1322
1474980	1323
1474981	1324
1474982	1325
1474983	1326
1474984	1327
1474985	1328
1474986	1329
1474987	1330
1474988	1331
1474989	1332
1474990	1333
1474991	1334
1474992	1335
1474993	1336
1474994	1337
1474995	1338
1474996	1339
1474997	1340
1474998	1341
1474999	1342
1475000	1343
1475001	1344
1475002	1345
1475003	1346
1475004	1347
1475005	1348
1475006	1349
1475007	1350
1475008	1351
1475009	1352
1475010	1353
1475011	1354
1475012	1355
1475013	1356
1475014	1357
1475015	1358
1475016	1359
1475017	1360
1475018	1361
1475019	1362
1475020	1363
1475021	1364
1475022	1365
1475023	1366
1475024	1367
1475025	1368
1475026	1369
1475027	1370
1475028	1371
1475029	1372
1475030	1373
1475031	1374
1475032	1375
1475033	1376
1475034	1377
1475035	1378
1475036	1379
1475037	1380
1475038	1381
1475039	1382
1475040	1383
1475041	1384
1475042	1385
1475043	1386
1475044	1387
1475045	1388
1475046	1389
1475047	1390
1475048	1391
1475049	1392
1475050	1393
1475051	1394
1475052	1395
1475053	1396
1475054	1397
1475055	1398
1475056	1399
1475057	1400
1475058	1401
1475059	1402
1475060	1403
1475061	1404
1475062	1405
1475063	1406
1475064	1407
1475065	1408
1475066	1409
1475067	1410
1475068	1411
1475069	1412
1475070	1413
1475071	1414
1475072	1415
1475073	1416
1475074	1417
1475075	1418
1475076	1419
1475077	1420
1475078	1421
1475079	1422
1475080	1423
1475081	1424
1475082	1425
1475083	1426
1475084	1427
1475085	1428
1475086	1429
1475087	1430
1475088	1431
1475089	1432
1475090	1433
1475091	1434
1475092	1435
1475093	1436
1475094	1437
1475095	1438
1475096	1439
1475097	1440
1475098	1441
1475099	1442
1475100	1443
1475101	1444
1475102	1445
1475103	1446
1475104	1447
1475105	1448
1475106	1449
1475107	1450
1475108	1451
1475109	1452
1475110	1453
1475111	1454
1475112	1455
1475113	1456
1475114	1457
1475115	1458
1475116	1459
1475117	1460
1475118	1461
1475119	1462
1475120	1463
1475121	1464
1475122	1465
1475123	1466
1475124	1467
1475125	1468
1475126	1469
1475127	1470
1475128	1471
1475129	1472
1475130	1473
1475131	1474
1475132	1475
1475133	1476
1475134	1477
1475135	1478
1475136	1479
1475137	1480
1475138	1481
1475139	1482
1475140	1483
1475141	1484
1475142	1485
1475143	1486
1475144	1487
1475145	1488
1475146	1489
1475147	1490
1475148	1491
1475149	1492
1475150	1493
1475151	1494
1475152	1495
1475153	1496
1475154	1497
1475155	1498
1475156	1499
1475157	1500
1475158	1501
1475159	1502
1475160	1503
1475161	1504
1475162	1505
1475163	1506
1475164	1507
1475165	1508
1475166	1509
1475167	1510
1475168	1511
1475169	1512
1475170	1513
1475171	1514
1475172	1515
1475173	1516
1475174	1517
1475175	1518
1475176	1519
1475177	1520
1475178	1521
1475179	1522
1475180	1523
1475181	1524
1475182	1525
1475183	1526
1475184	1527
1475185	1528
1475186	1529
1475187	1530
1475188	1531
1475189	1532
1475190	1533
1475191	1534
1475192	1535
1475193	1536
1475194	1537
1475195	1538
1475196	1539
1475197	1540
1475198	1541
1475199	1542
1475200	1543
1475201	1544
1475202	1545
1475203	1546
1475204	1547
1475205	1548
1475206	1549
1475207	1550
1475208	1551
1475209	1552
1475210	1553
1475211	1554
1475212	1555
1475213	1556
1475214	1557
1475215	1558
1475216	1559
1475217	1560
1475218	1561
1475219	1562
1475220	1563
1475221	1564
1475222	1565
1475223	1566
1475224	1567
1475225	1568
1475226	1569
1475227	1570
1475228	1571
1475229	1572
1475230	1573
1475231	1574
1475232	1575
1475233	1576
1475234	1577
1475235	1578
1475236	1579
1475237	1580
1475238	1581
1475239	1582
1475240	1583
1475241	1584
1475242	1585
1475243	1586
1475244	1587
1475245	1588
1475246	1589
1475247	1590
1475248	1591
1475249	1592
1475250	1593
1475251	1594
1475252	1595
1475253	1596
1475254	1597
1475255	1598
1475256	1599
1475257	1600
1475258	1601
1475259	1602
1475260	1603
1475261	1604
1475262	1605
1475263	1606
1475264	1607
1475265	1608
1475266	1609
1475267	1610
1475268	1611
1475269	1612
1475270	1613
1475271	1614
1475272	1615
1475273	1616
1475274	1617
1475275	1618
1475276	1619
1475277	1620
1475278	1621
1475279	1622
1475280	1623
1475281	1624
1475282	1625
1475283	1626
1475284	1627
1475285	1628
1475286	1629
1475287	1630
1475288	1631
1475289	1632
1475290	1633
1475291	1634
1475292	1635
1475293	1636
1475294	1637
1475295	1638
1475296	1639
1475297	1640
1475298	1641
1475299	1642
1475300	1643
1475301	1644
1475302	1645
1475303	1646
1475304	1647
1475305	1648
1475306	1649
1475307	1650
1475308	1651
1475309	1652
1475310	1653
1475311	1654
1475312	1655
1475313	1656
1475314	1657
1475315	1658
1475316	1659
1475317	1660
1475318	1661
1475319	1662
1475320	1663
1475321	1664
1475322	1665
1475323	1666
1475324	1667
1475325	1668
1475326	1669
1475327	1670
1475328	1671
1475329	1672
1475330	1673
1475331	1674
1475332	1675
1475333	1676
1475334	1677
1475335	1678
1475336	1679
1475337	1680
1475338	1681
1475339	1682
1475340	1683
1475341	1684
1475342	1685
1475343	1686
1475344	1687
1475345	1688
1475346	1689
1475347	1690
1475348	1691
1475349	1692
1475350	1693
1475351	1694
1475352	1695
1475353	1696
1475354	1697
1475355	1698
1475356	1699
1475357	1700
1475358	1701
1475359	1702
1475360	1703
1475361	1704
1475362	1705
1475363	1706
1475364	1707
1475365	1708
1475366	1709
1475367	1710
1475368	1711
1475369	1712
1475370	1713
1475371	1714
1475372	1715
1475373	1716
1475374	1717
1475375	1718
1475376	1719
1475377	1720
1475378	1721
1475379	1722
1475380	1723
1475381	1724
1475382	1725
1475383	1726
1475384	1727
1475385	1728
1475386	1729
1475387	1730
1475388	1731
1475389	1732
1475390	1733
1475391	1734
1475392	1735
1475393	1736
1475394	1737
1475395	1738
1475396	1739
1475397	1740
1475398	1741
1475399	1742
1475400	1743
1475401	1744
1475402	1745
1475403	1746
1475404	1747
1475405	1748
1475406	1749
1475407	1750
1475408	1751
1475409	1752
1475410	1753
1475411	1754
1475412	1755
1475413	1756
1475414	1757
1475415	1758
1475416	1759
1475417	1760
1475418	1761
1475419	1762
1475420	1763
1475421	1764
1475422	1765
1475423	1766
1475424	1767
1475425	1768
1475426	1769
1475427	1770
1475428	1771
1475429	1772
1475430	1773
1475431	1774
1475432	1775
1475433	1776
1475434	1777
1475435	1778
1475436	1779
1475437	1780
1475438	1781
1475439	1782
1475440	1783
1475441	1784
1475442	1785
1475443	1786
1475444	1787
1475445	1788
1475446	1789
1475447	1790
1475448	1791
1475449	1792
1475450	1793
1475451	1794
1475452	1795
1475453	1796
1475454	1797
1475455	1798
1475456	1799
1475457	1800
1475458	1801
1475459	1802
1475460	1803
1475461	1804
1475462	1805
1475463	1806
1475464	1807
1475465	1808
1475466	1809
1475467	1810
1475468	1811
1475469	1812
1475470	1813
1475471	1814
1475472	1815
1475473	1816
1475474	1817
1475475	1818
1475476	1819
1475477	1820
1475478	1821
1475479	1822
1475480	1823
1475481	1824
1475482	1825
1475483	1826
1475484	1827
1475485	1828
1475486	1829
1475487	1830
1475488	1831
1475489	1832
1475490	1833
1475491	1834
1475492	1835
1475493	1836
1475494	1837
1475495	1838
1475496	1839
1475497	1840
1475498	1841
1475499	1842
1475500	1843
1475501	1844
1475502	1845
1475503	1846
1475504	1847
1475505	1848
1475506	1849
1475507	1850
1475508	1851
1475509	1852
1475510	1853
1475511	1854
1475512	1855
1475513	1856
1475514	1857
1475515	1858
1475516	1859
1475517	1860
1475518	1861
1475519	1862
1475520	1863
1475521	1864
1475522	1865
1475523	1866
1475524	1867
1475525	1868
1475526	1869
1475527	1870
1475528	1871
1475529	1872
1475530	1873
1475531	1874
1475532	1875
1475533	1876
1475534	1877
1475535	1878
1475536	1879
1475537	1880
1475538	1881
1475539	1882
1475540	1883
1475541	1884
1475542	1885
1475543	1886
1475544	1887
1475545	1888
1475546	1889
1475547	1890
1475548	1891
1475549	1892
1475550	1893
1475551	1894
1475552	1895
1475553	1896
1475554	1897
1475555	1898
1475556	1899
1475557	1900
1475558	1901
1475559	1902
1475560	1903
1475561	1904
1475562	1905
1475563	1906
1475564	1907
1475565	1908
1475566	1909
1475567	1910
1475568	1911
1475569	1912
1475570	1913
1475571	1914
1475572	1915
1475573	1916
1475574	1917
1475575	1918
1475576	1919
1475577	1920
1475578	1921
1475579	1922
1475580	1923
1475581	1924
1475582	1925
1475583	1926
1475584	1927
1475585	1928
1475586	1929
1475587	1930
1475588	1931
1475589	1932
1475590	1933
1475591	1934
1475592	1935
1475593	1936
1475594	1937
1475595	1938
1475596	1939
1475597	1940
1475598	1941
1475599	1942
1475600	1943
1475601	1944
1475602	1945
1475603	1946
1475604	1947
1475605	1948
1475606	1949
1475607	1950
1475608	1951
1475609	1952
1475610	1953
1475611	1954
1475612	1955
1475613	1956
1475614	1957
1475615	1958
1475616	1959
1475617	1960
1475618	1961
1475619	1962
1475620	1963
1475621	1964
1475622	1965
1475623	1966
1475624	1967
1475625	1968
1475626	1969
1475627	1970
1475628	1971
1475629	1972
1475630	1973
1475631	1974
1475632	1975
1475633	1976
1475634	1977
1475635	1978
1475636	1979
1475637	1980
1475638	1981
1475639	1982
1475640	1983
1475641	1984
1475642	1985
1475643	1986
1475644	1987
1475645	1988
1475646	1989
1475647	1990
1475648	1991
1475649	1992
1475650	1993
1475651	1994
1475652	1995
1475653	1996
1475654	1997
1475655	1998
1475656	1999
1475657	2000
1475658	2001
1475659	2002
1475660	2003
1475661	2004
1475662	2005
1475663	2006
1475664	2007
1475665	2008
1475666	2009
1475667	2010
1475668	2011
1475669	2012
1475670	2013
1475671	2014
1475672	2015
1475673	2016
1475674	2017
1475675	2018
1475676	2019
1475677	2020
1475678	2021
1475679	2022
1475680	2023
1475681	2024
1475682	2025
1475683	2026
1475684	2027
1475685	2028
1475686	2029
1475687	2030
1475688	2031
1475689	2032
1475690	2033
1475691	2034
1475692	2035
1475693	2036
1475694	2037
1475695	2038
1475696	2039
1475697	2040
1475698	2041
1475699	2042
1475700	2043
1475701	2044
1475702	2045
1475703	2046
1475704	2047
1475705	2048
1475706	2049
1475707	2050
1475708	2051
1475709	2052
1475710	2053
1475711	2054
1475712	2055
1475713	2056
1475714	2057
1475715	2058
1475716	2059
1475717	2060
1475718	2061
1475719	2062
1475720	2063
1475721	2064
1475722	2065
1475723	2066
1475724	2067
1475725	2068
1475726	2069
1475727	2070
1475728	2071
1475729	2072
1475730	2073
1475731	2074
1475732	2075
1475733	2076
1475734	2077
1475735	2078
1475736	2079
1475737	2080
1475738	2081
1475739	2082
1475740	2083
1475741	2084
1475742	2085
1475743	2086
1475744	2087
1475745	2088
1475746	2089
1475747	2090
1475748	2091
1475749	2092
1475750	2093
1475751	2094
1475752	2095
1475753	2096
1475754	2097
1475755	2098
1475756	2099
1475757	2100
1475758	2101
1475759	2102
1475760	2103
1475761	2104
1475762	2105
1475763	2106
1475764	2107
1475765	2108
1475766	2109
1475767	2110
1475768	2111
1475769	2112
1475770	2113
1475771	2114
1475772	2115
1475773	2116
1475774	2117
1475775	2118
1475776	2119
1475777	2120
1475778	2121
1475779	2122
1475780	2123
1475781	2124
1475782	2125
1475783	2126
1475784	2127
1475785	2128
1475786	2129
1475787	2130
1475788	2131
1475789	2132
1475790	2133
1475791	2134
1475792	2135
1475793	2136
1475794	2137
1475795	2138
1475796	2139
1475797	2140
1475798	2141
1475799	2142
1475800	2143
1475801	2144
1475802	2145
1475803	2146
1475804	2147
1475805	2148
1475806	2149
1475807	2150
1475808	2151
1475809	2152
1475810	2153
1475811	2154
1475812	2155
1475813	2156
1475814	2157
1475815	2158
1475816	2159
1475817	2160
1475818	2161
1475819	2162
1475820	2163
1475821	2164
1475822	2165
1475823	2166
1475824	2167
1475825	2168
1475826	2169
1475827	2170
1475828	2171
1475829	2172
1475830	2173
1475831	2174
1475832	2175
1475833	2176
1475834	2177
1475835	2178
1475836	2179
1475837	2180
1475838	2181
1475839	2182
1475840	2183
1475841	2184
1475842	2185
1475843	2186
1475844	2187
1475845	2188
1475846	2189
1475847	2190
1475848	2191
1475849	2192
1475850	2193
1475851	2194
1475852	2195
1475853	2196
1475854	2197
1475855	2198
1475856	2199
1475857	2200
1475858	2201
1475859	2202
1475860	2203
1475861	2204
1475862	2205
1475863	2206
1475864	2207
1475865	2208
1475866	2209
1475867	2210
1475868	2211
1475869	2212
1475870	2213
1475871	2214
1475872	2215
1475873	2216
1475874	2217
1475875	2218
1475876	2219
1475877	2220
1475878	2221
1475879	2222
1475880	2223
1475881	2224
1475882	2225
1475883	2226
1475884	2227
1475885	2228
1475886	2229
1475887	2230
1475888	2231
1475889	2232
1475890	2233
1475891	2234
1475892	2235
1475893	2236
1475894	2237
1475895	2238
1475896	2239
1475897	2240
1475898	2241
1475899	2242
1475900	2243
1475901	2244
1475902	2245
1475903	2246
1475904	2247
1475905	2248
1475906	2249
1475907	2250
1475908	2251
1475909	2252
1475910	2253
1475911	2254
1475912	2255
1475913	2256
1475914	2257
1475915	2258
1475916	2259
1475917	2260
1475918	2261
1475919	2262
1475920	2263
1475921	2264
1475922	2265
1475923	2266
1475924	2267
1475925	2268
1475926	2269
1475927	2270
1475928	2271
1475929	2272
1475930	2273
1475931	2274
1475932	2275
1475933	2276
1475934	2277
1475935	2278
1475936	2279
1475937	2280
1475938	2281
1475939	2282
1475940	2283
1475941	2284
1475942	2285
1475943	2286
1475944	2287
1475945	2288
1475946	2289
1475947	2290
1475948	2291
1475949	2292
1475950	2293
1475951	2294
1475952	2295
1475953	2296
1475954	2297
1475955	2298
1475956	2299
1475957	2300
1475958	2301
1475959	2302
1475960	2303
1475961	2304
1475962	2305
1475963	2306
1475964	2307
1475965	2308
1475966	2309
1475967	2310
1475968	2311
1475969	2312
1475970	2313
1475971	2314
1475972	2315
1475973	2316
1475974	2317
1475975	2318
1475976	2319
1475977	2320
1475978	2321
1475979	2322
1475980	2323
1475981	2324
1475982	2325
1475983	2326
1475984	2327
1475985	2328
1475986	2329
1475987	2330
1475988	2331
1475989	2332
1475990	2333
1475991	2334
1475992	2335
1475993	2336
1475994	2337
1475995	2338
1475996	2339
1475997	2340
1475998	2341
1475999	2342
1476000	2343
1476001	2344
1476002	2345
1476003	2346
1476004	2347
1476005	2348
1476006	2349
1476007	2350
1476008	2351
1476009	2352
1476010	2353
1476011	2354
1476012	2355
1476013	2356
1476014	2357
1476015	2358
1476016	2359
1476017	2360
1476018	2361
1476019	2362
1476020	2363
1476021	2364
1476022	2365
1476023	2366
1476024	2367
1476025	2368
1476026	2369
1476027	2370
1476028	2371
1476029	2372
1476030	2373
1476031	2374
1476032	2375
1476033	2376
1476034	2377
1476035	2378
1476036	2379
1476037	2380
1476038	2381
1476039	2382
1476040	2383
1476041	2384
1476042	2385
1476043	2386
1476044	2387
1476045	2388
1476046	2389
1476047	2390
1476048	2391
1476049	2392
1476050	2393
1476051	2394
1476052	2395
1476053	2396
1476054	2397
1476055	2398
1476056	2399
1476057	2400
1476058	2401
1476059	2402
1476060	2403
1476061	2404
1476062	2405
1476063	2406
1476064	2407
1476065	2408
1476066	2409
1476067	2410
1476068	2411
1476069	2412
1476070	2413
1476071	2414
1476072	2415
1476073	2416
1476074	2417
1476075	2418
1476076	2419
1476077	2420
1476078	2421
1476079	2422
1476080	2423
1476081	2424
1476082	2425
1476083	2426
1476084	2427
1476085	2428
1476086	2429
1476087	2430
1476088	2431
1476089	2432
1476090	2433
1476091	2434
1476092	2435
1476093	2436
1476094	2437
1476095	2438
1476096	2439
1476097	2440
1476098	2441
1476099	2442
1476100	2443
1476101	2444
1476102	2445
1476103	2446
1476104	2447
1476105	2448
1476106	2449
1476107	2450
1476108	2451
1476109	2452
1476110	2453
1476111	2454
1476112	2455
1476113	2456
1476114	2457
1476115	2458
1476116	2459
1476117	2460
1476118	2461
1476119	2462
1476120	2463
1476121	2464
1476122	2465
1476123	2466
1476124	2467
1476125	2468
1476126	2469
1476127	2470
1476128	2471
1476129	2472
1476130	2473
1476131	2474
1476132	2475
1476133	2476
1476134	2477
1476135	2478
1476136	2479
1476137	2480
1476138	2481
1476139	2482
1476140	2483
1476141	2484
1476142	2485
1476143	2486
1476144	2487
1476145	2488
1476146	2489
1476147	2490
1476148	2491
1476149	2492
1476150	2493
1476151	2494
1476152	2495
1476153	2496
1476154	2497
1476155	2498
1476156	2499
1476157	2500
1476158	2501
1476159	2502
1476160	2503
1476161	2504
1476162	2505
1476163	2506
1476164	2507
1476165	2508
1476166	2509
1476167	2510
1476168	2511
1476169	2512
1476170	2513
1476171	2514
1476172	2515
1476173	2516
1476174	2517
1476175	2518
1476176	2519
1476177	2520
1476178	2521
1476179	2522
1476180	2523
1476181	2524
1476182	2525
1476183	2526
1476184	2527
1476185	2528
1476186	2529
1476187	2530
1476188	2531
1476189	2532
1476190	2533
1476191	2534
1476192	2535
1476193	2536
1476194	2537
1476195	2538
1476196	2539
1476197	2540
1476198	2541
1476199	2542
1476200	2543
1476201	2544
1476202	2545
1476203	2546
1476204	2547
1476205	2548
1476206	2549
1476207	2550
1476208	2551
1476209	2552
1476210	2553
1476211	2554
1476212	2555
1476213	2556
1476214	2557
1476215	2558
1476216	2559
1476217	2560
1476218	2561
1476219	2562
1476220	2563
1476221	2564
1476222	2565
1476223	2566
1476224	2567
1476225	2568
1476226	2569
1476227	2570
1476228	2571
1476229	2572
1476230	2573
1476231	2574
1476232	2575
1476233	2576
1476234	2577
1476235	2578
1476236	2579
1476237	2580
1476238	2581
1476239	2582
1476240	2583
1476241	2584
1476242	2585
1476243	2586
1476244	2587
1476245	2588
1476246	2589
1476247	2590
1476248	2591
1476249	2592
1476250	2593
1476251	2594
1476252	2595
1476253	2596
1476254	2597
1476255	2598
1476256	2599
1476257	2600
1476258	2601
1476259	2602
1476260	2603
1476261	2604
1476262	2605
1476263	2606
1476264	2607
1476265	2608
1476266	2609
1476267	2610
1476268	2611
1476269	2612
1476270	2613
1476271	2614
1476272	2615
1476273	2616
1476274	2617
1476275	2618
1476276	2619
1476277	2620
1476278	2621
1476279	2622
1476280	2623
1476281	2624
1476282	2625
1476283	2626
1476284	2627
1476285	2628
1476286	2629
1476287	2630
1476288	2631
1476289	2632
1476290	2633
1476291	2634
1476292	2635
1476293	2636
1476294	2637
1476295	2638
1476296	2639
1476297	2640
1476298	2641
1476299	2642
1476300	2643
1476301	2644
1476302	2645
1476303	2646
1476304	2647
1476305	2648
1476306	2649
1476307	2650
1476308	2651
1476309	2652
1476310	2653
1476311	2654
1476312	2655
1476313	2656
1476314	2657
1476315	2658
1476316	2659
1476317	2660
1476318	2661
1476319	2662
1476320	2663
1476321	2664
1476322	2665
1476323	2666
1476324	2667
1476325	2668
1476326	2669
1476327	2670
1476328	2671
1476329	2672
1476330	2673
1476331	2674
1476332	2675
1476333	2676
1476334	2677
1476335	2678
1476336	2679
1476337	2680
1476338	2681
1476339	2682
1476340	2683
1476341	2684
1476342	2685
1476343	2686
1476344	2687
1476345	2688
1476346	2689
1476347	2690
1476348	2691
1476349	2692
1476350	2693
1476351	2694
1476352	2695
1476353	2696
1476354	2697
1476355	2698
1476356	2699
1476357	2700
1476358	2701
1476359	2702
1476360	2703
1476361	2704
1476362	2705
1476363	2706
1476364	2707
1476365	2708
1476366	2709
1476367	2710
1476368	2711
1476369	2712
1476370	2713
1476371	2714
1476372	2715
1476373	2716
1476374	2717
1476375	2718
1476376	2719
1476377	2720
1476378	2721
1476379	2722
1476380	2723
1476381	2724
1476382	2725
1476383	2726
1476384	2727
1476385	2728
1476386	2729
1476387	2730
1476388	2731
1476389	2732
1476390	2733
1476391	2734
1476392	2735
1476393	2736
1476394	2737
1476395	2738
1476396	2739
1476397	2740
1476398	2741
1476399	2742
1476400	2743
1476401	2744
1476402	2745
1476403	2746
1476404	2747
1476405	2748
1476406	2749
1476407	2750
1476408	2751
1476409	2752
1476410	2753
1476411	2754
1476412	2755
1476413	2756
1476414	2757
1476415	2758
1476416	2759
1476417	2760
1476418	2761
1476419	2762
1476420	2763
1476421	2764
1476422	2765
1476423	2766
1476424	2767
1476425	2768
1476426	2769
1476427	2770
1476428	2771
1476429	2772
1476430	2773
1476431	2774
1476432	2775
1476433	2776
1476434	2777
1476435	2778
1476436	2779
1476437	2780
1476438	2781
1476439	2782
1476440	2783
1476441	2784
1476442	2785
1476443	2786
1476444	2787
1476445	2788
1476446	2789
1476447	2790
1476448	2791
1476449	2792
1476450	2793
1476451	2794
1476452	2795
1476453	2796
1476454	2797
1476455	2798
1476456	2799
1476457	2800
1476458	2801
1476459	2802
1476460	2803
1476461	2804
1476462	2805
1476463	2806
1476464	2807
1476465	2808
1476466	2809
1476467	2810
1476468	2811
1476469	2812
1476470	2813
1476471	2814
1476472	2815
1476473	2816
1476474	2817
1476475	2818
1476476	2819
1476477	2820
1476478	2821
1476479	2822
1476480	2823
1476481	2824
1476482	2825
1476483	2826
1476484	2827
1476485	2828
1476486	2829
1476487	2830
1476488	2831
1476489	2832
1476490	2833
1476491	2834
1476492	2835
1476493	2836
1476494	2837
1476495	2838
1476496	2839
1476497	2840
1476498	2841
1476499	2842
1476500	2843
1476501	2844
1476502	2845
1476503	2846
1476504	2847
1476505	2848
1476506	2849
1476507	2850
1476508	2851
1476509	2852
1476510	2853
1476511	2854
1476512	2855
1476513	2856
1476514	2857
1476515	2858
1476516	2859
1476517	2860
1476518	2861
1476519	2862
1476520	2863
1476521	2864
1476522	2865
1476523	2866
1476524	2867
1476525	2868
1476526	2869
1476527	2870
1476528	2871
1476529	2872
1476530	2873
1476531	2874
1476532	2875
1476533	2876
1476534	2877
1476535	2878
1476536	2879
1476537	2880
1476538	2881
1476539	2882
1476540	2883
1476541	2884
1476542	2885
1476543	2886
1476544	2887
1476545	2888
1476546	2889
1476547	2890
1476548	2891
1476549	2892
1476550	2893
1476551	2894
1476552	2895
1476553	2896
1476554	2897
1476555	2898
1476556	2899
1476557	2900
1476558	2901
1476559	2902
1476560	2903
1476561	2904
1476562	2905
1476563	2906
1476564	2907
1476565	2908
1476566	2909
1476567	2910
1476568	2911
1476569	2912
1476570	2913
1476571	2914
1476572	2915
1476573	2916
1476574	2917
1476575	2918
1476576	2919
1476577	2920
1476578	2921
1476579	2922
1476580	2923
1476581	2924
1476582	2925
1476583	2926
1476584	2927
1476585	2928
1476586	2929
1476587	2930
1476588	2931
1476589	2932
1476590	2933
1476591	2934
1476592	2935
1476593	2936
1476594	2937
1476595	2938
1476596	2939
1476597	2940
1476598	2941
1476599	2942
1476600	2943
1476601	2944
1476602	2945
1476603	2946
1476604	2947
1476605	2948
1476606	2949
1476607	2950
1476608	2951
1476609	2952
1476610	2953
1476611	2954
1476612	2955
1476613	2956
1476614	2957
1476615	2958
1476616	2959
1476617	2960
1476618	2961
1476619	2962
1476620	2963
1476621	2964
1476622	2965
1476623	2966
1476624	2967
1476625	2968
1476626	2969
1476627	2970
1476628	2971
1476629	2972
1476630	2973
1476631	2974
1476632	2975
1476633	2976
1476634	2977
1476635	2978
1476636	2979
1476637	2980
1476638	2981
1476639	2982
1476640	2983
1476641	2984
1476642	2985
1476643	2986
1476644	2987
1476645	2988
1476646	2989
1476647	2990
1476648	2991
1476649	2992
1476650	2993
1476651	2994
1476652	2995
1476653	2996
1476654	2997
1476655	2998
1476656	2999
1476657	3000
1476658	3001
1476659	3002
1476660	3003
1476661	3004
1476662	3005
1476663	3006
1476664	3007
1476665	3008
1476666	3009
1476667	3010
1476668	3011
1476669	3012
1476670	3013
1476671	3014
1476672	3015
1476673	3016
1476674	3017
1476675	3018
1476676	3019
1476677	3020
1476678	3021
1476679	3022
1476680	3023
1476681	3024
1476682	3025
1476683	3026
1476684	3027
1476685	3028
1476686	3029
1476687	3030
1476688	3031
1476689	3032
1476690	3033
1476691	3034
1476692	3035
1476693	3036
1476694	3037
1476695	3038
1476696	3039
1476697	3040
1476698	3041
1476699	3042
1476700	3043
1476701	3044
1476702	3045
1476703	3046
1476704	3047
1476705	3048
1476706	3049
1476707	3050
1476708	3051
1476709	3052
1476710	3053
1476711	3054
1476712	3055
1476713	3056
1476714	3057
1476715	3058
1476716	3059
1476717	3060
1476718	3061
1476719	3062
1476720	3063
1476721	3064
1476722	3065
1476723	3066
1476724	3067
1476725	3068
1476726	3069
1476727	3070
1476728	3071
1476729	3072
1476730	3073
1476731	3074
1476732	3075
1476733	3076
1476734	3077
1476735	3078
1476736	3079
1476737	3080
1476738	3081
1476739	3082
1476740	3083
1476741	3084
1476742	3085
1476743	3086
1476744	3087
1476745	3088
1476746	3089
1476747	3090
1476748	3091
1476749	3092
1476750	3093
1476751	3094
1476752	3095
1476753	3096
1476754	3097
1476755	3098
1476756	3099
1476757	3100
1476758	3101
1476759	3102
1476760	3103
1476761	3104
1476762	3105
1476763	3106
1476764	3107
1476765	3108
1476766	3109
1476767	3110
1476768	3111
1476769	3112
1476770	3113
1476771	3114
1476772	3115
1476773	3116
1476774	3117
1476775	3118
1476776	3119
1476777	3120
1476778	3121
1476779	3122
1476780	3123
1476781	3124
1476782	3125
1476783	3126
1476784	3127
1476785	3128
1476786	3129
1476787	3130
1476788	3131
1476789	3132
1476790	3133
1476791	3134
1476792	3135
1476793	3136
1476794	3137
1476795	3138
